Quality of Fit (QoF) for Random Walk - Task: S - Target: ILITOTAL
+------+-----+-------------------------+-------------------------+--------------+----------------+
|  h   |  n  | MSE Transformed (log1p) | MAE Transformed (log1p) | MAE Original | sMAPE Original |
+------+-----+-------------------------+-------------------------+--------------+----------------+
|  1   | 184 |         0.0168          |         0.0979          |  5637.0707   |     9.7595     |
|  2   | 184 |         0.0511          |         0.1798          |  10207.2609  |     17.817     |
|  3   | 184 |         0.0952          |         0.2517          |  14015.1576  |    24.7916     |
|  4   | 184 |         0.1439          |         0.3171          |  17271.8043  |    31.0656     |
|  5   | 184 |         0.1985          |         0.3803          |  20282.8152  |    37.0548     |
|  6   | 184 |         0.2594          |         0.4398          |  23246.7065  |    42.5758     |
|  7   | 184 |         0.3279          |         0.4957          |  26031.1576  |     47.628     |
|  8   | 184 |         0.4002          |         0.5504          |  28882.4239  |    52.4687     |
|  9   | 184 |         0.4724          |         0.5982          |  31236.4076  |    56.5903     |
|  10  | 184 |         0.5417          |          0.642          |  33386.3587  |    60.3024     |
|  11  | 184 |         0.6111          |          0.683          |  35381.8098  |     63.691     |
|  12  | 184 |         0.6823          |         0.7236          |  37360.913   |    66.9879     |
|  13  | 184 |         0.7562          |         0.7615          |  39150.4348  |    69.9575     |
|  14  | 184 |         0.8271          |          0.795          |  40722.0109  |    72.4831     |
|  15  | 184 |         0.8957          |         0.8224          |  41923.9565  |    74.3842     |
|  16  | 184 |         0.9588          |         0.8455          |  42907.6793  |    75.9084     |
|  17  | 184 |         1.0181          |         0.8662          |  43843.9076  |    77.2042     |
|  18  | 184 |         1.0743          |         0.8826          |  44580.4891  |    78.0926     |
|  19  | 184 |         1.1277          |         0.8996          |  45316.8478  |    79.0676     |
|  20  | 184 |         1.1773          |         0.9135          |  45898.6087  |     79.785     |
|  21  | 184 |         1.2169          |         0.9241          |  46364.4891  |    80.3068     |
|  22  | 184 |         1.2473          |         0.9345          |  46842.1413  |    80.9475     |
|  23  | 184 |         1.2685          |         0.9434          |  47275.038   |    81.5643     |
|  24  | 184 |         1.2808          |         0.9516          |  47666.4022  |    82.2555     |
| Avg. |     |         0.6937          |         0.6625          |  33976.3288  |    60.1121     |
+------+-----+-------------------------+-------------------------+--------------+----------------+

Quality of Fit (QoF) for PatchTST - Task: MS - Target: ILITOTAL
+------+-----+-------------------------+-------------------------+--------------+----------------+
|  h   |  n  | MSE Transformed (log1p) | MAE Transformed (log1p) | MAE Original | sMAPE Original |
+------+-----+-------------------------+-------------------------+--------------+----------------+
|  1   | 184 |         0.0232          |         0.1129          |  6834.9231   |    11.2344     |
|  2   | 184 |         0.0424          |         0.1506          |  9181.3641   |    14.9253     |
|  3   | 184 |         0.0599          |         0.1828          |  11046.7845  |    18.0622     |
|  4   | 184 |         0.0715          |          0.199          |  11756.7962  |     19.61      |
|  5   | 184 |         0.0879          |         0.2211          |  12988.7497  |    21.7299     |
|  6   | 184 |         0.1127          |         0.2569          |  14456.3288  |    25.1746     |
|  7   | 184 |         0.1215          |         0.2642          |  14818.2485  |    25.8316     |
|  8   | 184 |         0.1362          |         0.2722          |  15391.8909  |    26.5031     |
|  9   | 184 |         0.1504          |         0.3026          |  16801.9285  |    29.5069     |
|  10  | 184 |         0.1615          |          0.304          |  16660.0756  |    29.5306     |
|  11  | 184 |         0.1605          |          0.309          |  16865.9622  |    30.0679     |
|  12  | 184 |         0.1741          |         0.3153          |  17231.786   |     30.572     |
|  13  | 184 |         0.1681          |         0.2989          |  16139.807   |    28.9373     |
|  14  | 184 |         0.1691          |         0.3045          |  16715.492   |     29.509     |
|  15  | 184 |         0.1771          |         0.3116          |  16873.1256  |    30.1743     |
|  16  | 184 |         0.1807          |         0.3243          |  17539.2606  |    31.4419     |
|  17  | 184 |         0.1834          |         0.3334          |  17774.3673  |    32.3573     |
|  18  | 184 |         0.1921          |         0.3334          |  18131.7567  |    32.2629     |
|  19  | 184 |          0.201          |         0.3434          |  18540.323   |    33.2124     |
|  20  | 184 |         0.1977          |         0.3359          |  18252.0943  |    32.4822     |
|  21  | 184 |         0.1949          |         0.3456          |  18597.752   |    33.5082     |
|  22  | 184 |         0.2007          |         0.3443          |  18381.8552  |    33.3161     |
|  23  | 184 |         0.2068          |         0.3387          |  18338.0369  |     32.658     |
|  24  | 184 |         0.2124          |         0.3427          |  18578.2893  |    33.0221     |
| Avg. |     |         0.1494          |         0.2853          |  15745.7082  |    27.7346     |
+------+-----+-------------------------+-------------------------+--------------+----------------+